23994	9802
23996	5704
23997	5719
378462	729967
12671	1131
19713	5979
19712	5978
65099	134728
286940	2317
11540	135
19718	5982
69957	8881
11545	142
244349	7994
26374	64326
26373	1186
26371	9391
26370	1069
78912	6668
214899	5927
22260	7376
107392	25855
73086	9252
19156	5660
19401	5914
19400	5913
19374	5897
75547	11214
16675	342574
68728	58476
19373	5896
74838	80155
56233	51564
110310	3855
12700	1154
12703	8651
12702	9021
12705	4435
12709	1152
236539	26227
74016	26147
27371	9047
27373	1454
27374	10419
27375	27134
192176	2316
68090	10897
13609	1901
192170	9775
23849	1316
27176	6130
210126	4026
16569	9371
64704	27429
64707	79723
224624	57799
75725	9678
57296	5714
30926	10539
16497	7881
104662	55720
16491	3738
16490	3737
16492	3739
13544	1857
56839	9211
13542	1855
13543	1856
17380	4311
16706	8844
13548	1859
17387	4323
224938	9867
12018	578
12015	572
12014	60468
74122	79188
12010	567
12013	571
74126	84447
17258	4205
100017	26119
26397	5606
26396	5605
72074	257629
227231	1373
52463	80312
26399	5608
11767	8907
17257	4204
101943	23450
19014	5469
56195	58155
20740	6709
20742	6711
15204	8924
17237	23295
64290	27023
244667	27185
16513	3766
218203	29116
15201	3070
75617	6230
64050	8089
64051	9900
75613	81857
16818	3932
74237	10844
102442	10260
21926	7124
11614	190
21924	7134
11610	57085
69178	27131
12122	637
12124	638
21929	7128
12995	1457
53605	4673
53356	8666
20525	6513
11949	509
11946	498
11944	495
18457	26258
53608	9064
27998	56915
99512	22911
70392	142689
16924	84708
170930	6613
18854	5371
211550	92610
65020	10782
54422	56751
12234	8945
54420	9073
12236	701
12231	696
54427	29947
16648	3839
18761	5588
71889	55040
14620	2707
170731	9927
71828	11036
71820	89891
14579	2669
20220	10284
20418	53358
20419	79801
26441	5685
20415	6462
20416	6464
20410	10174
58217	54210
80976	57586
219158	57805
68776	6882
67035	11080
20224	56681
58184	9125
78284	148327
110954	6134
13052	1525
54392	64151
54393	2550
54394	51379
68114	84939
67399	9260
18707	5293
18706	5290
108829	221037
71750	22864
18709	5296
18708	5295
67588	10193
14247	2313
14712	8443
14245	23175
217866	9578
17973	4690
14718	2805
14719	2806
56430	6249
14248	2314
68263	5162
99730	6884
208727	9759
20257	11075
14397	2557
29816	9026
237459	5128
353187	9975
29811	57447
29810	9531
12493	951
19277	5800
67367	94104
12494	952
15441	50809
12496	954
17121	83463
68828	81493
76572	27288
18148	4869
216825	23326
18140	29128
18143	4862
19183	29893
16906	4001
59030	8195
66185	25962
59035	10498
83767	8936
66614	54865
16909	4005
66340	55851
76884	26999
13835	2041
13836	1969
214669	83746
13831	80314
13838	2043
268859	54715
12831	1289
21754	7016
192292	29959
15040	3133
380924	10562
16572	3798
28185	9868
234779	5336
73723	83442
77683	79813
208943	55930
242785	9903
225870	9610
67439	56949
66824	29108
13602	8404
53972	25791
13875	2077
225896	51035
13722	9255
238505	4548
72416	10128
13726	2010
228598	57593
104445	11135
77113	11275
66125	83443
26365	634
20190	6261
103573	7514
26564	4920
11370	37
19386	727851
77286	55922
22272	27089
22273	7384
19411	5916
22278	7391
14605	1831
19416	51655
19417	5923
16663	3860
19362	10635
16667	3872
19360	10111
19361	5888
56226	83715
104383	283248
16668	3875
56222	163732
94232	56893
94230	29894
19185	5710
214084	6571
209456	7159
12715	1158
19017	10891
59287	23385
140557	27127
23872	2114
23871	2113
23877	84922
58231	6789
23879	9513
14645	2752
192160	22794
19704	5976
27140	30012
93687	1452
93686	23543
93684	9403
100710	23047
15413	3215
19708	5977
69564	27231
99982	23028
108737	9943
16485	3736
16480	3728
59040	55288
22702	132625
104362	644890
69745	57804
77627	64800
14433	2597
140887	222484
11750	310
12006	8313
56532	11035
12005	8312
80743	64601
12000	554
11758	9588
16392	3670
16391	10379
16396	83737
27277	9950
26380	2103
26381	2104
16398	3673
101023	130557
14536	2649
104015	8867
104721	1653
107528	57692
20737	6693
20739	6708
99152	29882
17283	4221
14163	2245
17286	4223
17535	4361
17537	56917
17536	4212
17533	4360
17532	22808
13449	9046
13448	1796
16800	9181
16801	9138
84113	53635
27041	10146
227644	6621
64930	7248
21934	8792
57890	132014
11625	197
21937	7132
21939	958
11628	57379
227648	9919
97212	3030
53610	4841
57314	51497
53612	10490
57316	10438
99371	10564
105522	23243
11973	529
11972	9114
20084	6222
11975	535
21665	6996
17758	4134
64337	51764
20649	6641
20648	6640
18609	3651
21417	6935
21667	6997
17754	4130
17756	4133
233833	27327
13198	1649
13193	1641
106389	55840
13191	1639
13197	1647
18845	5362
13195	1644
12226	694
12227	7832
12224	688
12223	685
54419	9074
12228	10950
70650	55596
22632	7528
70834	9043
14870	2950
26965	8454
14658	2743
17865	4605
71833	10238
70349	1315
71835	55915
108723	84433
68292	201595
107702	6050
20399	25970
20393	6446
58203	81030
20391	6442
238880	345651
20465	6493
20464	6492
20467	23309
330171	83892
21427	6944
58198	6299
13424	1778
13063	54205
21423	6929
18933	5396
67023	55850
58194	30011
21429	7343
380664	23592
18718	5305
18719	8395
12952	1407
12953	1408
18715	11040
71740	81607
18717	23396
18710	8503
54343	55729
20262	50861
108030	8825
230257	9991
14401	2561
11845	382
108037	6472
67117	6990
18534	5105
68585	57142
68581	10972
29808	23269
68349	4722
18626	5187
18627	8864
18628	8863
68346	23408
27078	27077
68612	11065
68611	10573
12483	933
15904	3400
67378	583
15903	3399
15900	3394
67374	58494
327987	9969
243958	89790
242425	9568
268996	6760
59007	55768
59006	51778
59004	51588
108100	10458
109905	5906
18642	5213
18150	10360
59009	57630
54720	1827
26395	5604
13806	2023
110809	6426
77963	51361
14470	10567
19941	6154
12798	1265
108946	26009
78656	10902
23885	64395
67203	54820
67204	8894
268465	146956
67755	51202
217306	342510
50880	51540
13840	285220
232811	84787
66155	51506
13849	2052
13848	2051
73660	57010
66403	25842
230674	9682
67979	84896
105837	27085
30945	25897
105835	27352
64176	9899
67972	490
12477	1493
66977	83540
18519	8850
66970	23635
12822	80781
66085	8665
12475	929
72399	8315
26398	6416
66570	79019
17134	4097
207259	201501
11765	164
73710	347733
12571	1021
65079	65078
71991	1161
103967	26052
244310	9228
70549	83660
11569	121536
22648	339327
101706	4926
22642	7709
22393	7466
68705	2963
225888	51111
76983	23256
11567	10677
13992	10656
13990	56916
192231	10614
109272	4604
26557	9455
26556	9456
19179	5700
110157	5894
19173	5693
19172	5692
19171	5699
19170	5689
19177	5695
228536	22893
19175	5694
22027	7184
19352	5876
22025	7181
56218	23598
19357	5885
19356	5884
19354	5880
56213	5654
94221	57120
19359	5887
56210	51455
56216	112755
22029	7185
16650	23633
77037	56246
74039	150372
110379	6396
73046	51218
13669	8661
192159	10594
98660	477
56699	23580
19286	5805
19289	9543
13660	10938
654824	353322
13665	1965
13666	9451
73914	11213
56459	10055
56458	2308
56455	8655
93695	10457
56456	86
56451	8802
68988	26121
104263	55818
56452	23594
20194	6281
75291	79842
386612	79228
52521	90441
668303	26153
16728	3897
21405	6927
17130	4091
19739	8787
13528	1838
11740	292
17420	4331
11745	306
11746	307
11747	308
11749	309
16898	6187
193796	23030
13007	1465
12034	11331
19735	5997
18227	4929
56490	26137
104001	6252
18220	4924
63913	116496
13000	1459
20892	201254
20893	8553
13003	1462
19326	9230
18223	9253
474156	221504
13112	1577
16835	3949
16833	3948
16832	3945
19823	9616
235567	23317
19732	5863
16348	27130
330938	85458
72522	127002
209091	85417
23834	990
52024	118932
56070	10915
105732	286077
235611	5364
235610	84126
11632	9049
53376	9099
20090	6235
70223	4677
53378	6386
100042150	9542
217718	91754
237615	283373
13180	5092
98845	64787
20658	6651
27979	8662
68119	123920
53602	3241
20655	6647
12615	1058
20650	6645
16907	84823
75273	27043
16905	4000
94176	1794
14884	2965
14885	2968
53975	11218
320299	9657
12217	8927
12215	682
54401	7529
320560	160518
74764	89953
231912	84056
243548	166336
58235	5818
58234	85358
236900	5165
18548	5122
20383	6428
18545	126006
66395	79026
20389	6440
71514	6421
14080	2168
12121	636
14082	8772
219131	51131
14084	11124
67268	103910
20472	10736
20473	6496
20471	6495
20476	4990
213990	116988
20475	147912
21412	6943
21410	6928
211446	11336
21416	6934
21415	83439
18948	5409
21419	7021
72544	118460
11964	523
18430	5021
11966	526
18432	10514
71609	8717
78266	57592
269589	84958
14130	2213
14661	2746
18099	51701
17210	4170
76378	54763
12929	1399
12928	1398
18763	5310
18762	5590
18764	5311
18767	5569
20271	6331
71994	1266
14268	2335
14269	23048
20276	6337
20277	6338
54354	83593
14265	2332
13716	8178
14260	342184
319924	320
20527	6515
30054	56163
107607	10392
14580	2670
22612	7525
18453	5034
73738	55559
268294	9841
18386	4985
18003	4739
14132	2217
234577	221184
75416	8602
15930	3620
237877	79915
18160	4881
67300	1213
59010	58472
59011	58529
59013	3187
59016	57215
269713	7461
15114	9001
216197	10970
11941	491
15111	9464
15110	9421
246709	6003
14469	2634
17992	4697
66362	51010
14462	2625
14463	2626
14460	2623
14461	2624
14466	2629
14464	140628
14465	2627
71777	54556
243897	199720
76877	9609
212167	54103
233406	9055
13853	7957
233405	26276
67943	23184
50878	10734
67941	51065
13855	22905
50875	29766
13858	2060
72278	9236
66413	9861
67949	84365
228913	7764
216869	409
12858	9377
67781	3608
109880	673
216860	84461
12857	1327
76199	23389
70314	79874
16644	3827
76073	84333
330502	284406
319583	3981
11600	284
225326	5289
71772	196463
13207	1655
381308	3428
83409	28956
22658	7703
228005	9360
228869	57727
22388	9948
13204	1665
101739	11168
12562	1003
22380	11193
56643	6564
72475	23648
26549	26548
22385	9031
19164	5663
16590	3815
19166	5683
93759	23411
30960	9218
12452	901
27015	51426
66890	10960
11350	25
22061	8626
66894	11060
13983	2100
22259	10062
73834	51382
67760	54407
22256	7374
22030	7186
22031	7187
74026	339287
22033	7188
22034	7189
383619	9447
22036	10293
67414	55669
22038	5359
19345	5878
19346	5870
19347	23258
19340	9545
19341	5867
16646	3836
16647	3838
12738	9075
12739	1365
225849	5526
72508	6198
12737	9076
231130	79155
75565	112869
232807	54776
19294	5819
57376	6605
19298	5824
277250	51780
12237	9184
19762	6014
19763	6015
16000	3479
70661	23387
19766	8737
241226	8516
16004	3482
19765	10928
20474	51804
56444	55860
56445	10294
56443	10552
56440	6642
21888	7091
50876	29767
56847	220
17354	8028
98432	23239
57247	92822
13627	1915
53328	10857
19821	6045
11798	331
12020	579
12021	580
231051	58508
22724	51043
208146	55689
12028	581
12029	255877
75465	83657
13510	1828
67785	9202
259277	11202
23921	10603
105246	65980
100009600	100125288
106344	5984
236643	94122
16188	3563
259279	10426
14706	2786
56200	9188
21881	7086
56208	8678
69035	51304
75646	26064
20869	6794
16195	3572
13629	1938
20867	10963
99890	55170
20860	6783
21885	7088
327814	8499
16822	3937
353237	56134
331623	57673
16825	8861
16826	9079
16828	3939
68097	140735
102414	1198
14623	10804
74201	79598
74203	56478
235339	1737
16416	3690
52589	83988
17196	4155
81703	122953
81702	26057
17192	53615
17191	8932
17777	4547
17776	23139
109700	3672
57330	64599
231830	79778
17172	429
20663	6655
20662	6654
20661	6272
20660	6653
20666	6664
20665	6663
232232	79885
15162	3055
16918	4610
16917	4010
80905	5429
16911	8543
16913	5696
21393	8557
329581	79444
57259	10766
21399	6917
12683	1149
58220	84612
26949	10493
70361	3998
20916	8803
20911	6813
20910	6812
14679	2773
14678	2771
26940	51295
211586	7029
14674	10672
18553	5046
18550	5045
18551	54760
353047	9842
99412	2801
226049	10655
121021	1464
70699	23165
226407	22930
226041	5239
18951	5413
21408	6940
21406	6938
16470	124590
21401	6920
21402	6500
12144	641
17441	4340
70804	10424
328365	57178
269593	7798
12934	1808
84585	63891
18772	5317
108058	817
18771	5316
67573	84171
53416	27347
14218	9644
53414	705
53413	23265
14211	10592
15166	610
21869	7080
108699	1123
67177	81620
20044	6208
14180	2254
14182	2260
246103	6314
14184	2261
14186	2264
68328	5872
27419	4669
18390	4988
226442	23528
18393	4999
18171	8856
68818	130617
15929	3421
18176	4893
229615	10401
104884	55775
235134	4798
97908	8356
217031	6871
234699	23644
66870	26135
14695	2784
14694	10399
14697	10681
14696	59345
17984	4692
66317	80349
14816	2911
11863	405
14814	2906
71766	125950
216459	140465
67772	57680
67773	84148
18089	159296
11864	9915
76233	116092
67951	84617
216856	57555
12590	1044
12591	1045
50868	9817
13867	2065
72265	23471
13864	2063
22223	7345
12808	23242
231329	5431
80283	80325
237523	374462
73689	282991
14527	2642
231580	2580
26611	5955
66556	10589
234214	8470
319845	27241
66552	84888
73845	338699
66222	1992
170643	55243
77125	90865
22627	7531
22629	7533
22628	7532
15214	23493
17979	8202
50997	4355
50995	10054
12444	894
12445	896
12442	9133
12443	595
11464	70
93742	56288
213539	9532
103583	23291
12449	899
56724	9419
245000	545
69719	790
19339	5864
12455	904
74053	23426
18104	1728
19332	55647
19337	9363
19336	53917
22282	7392
13645	1950
13644	10278
13643	1949
13641	1947
13640	1946
22289	7403
22288	7402
78920	1743
13649	1956
12450	900
13885	2098
23808	9070
26445	5690
26444	5688
26447	11201
26446	5691
231123	79441
26440	5682
26443	5687
104248	23523
214189	10590
320840	257194
19025	5476
14714	2796
170484	7827
56470	10287
19752	6035
19247	5781
56309	26292
217864	23186
16211	3837
17349	4291
17347	2872
101185	25913
17342	4286
19248	5782
57785	29098
234959	9440
12053	604
214162	4297
13982	2099
16580	3833
80718	5874
20638	6628
208177	90102
13480	8813
12696	1153
12695	10207
104027	11346
56787	56676
21898	7099
230514	54741
21894	7094
270627	6872
21892	7092
23938	5607
27224	6924
27223	7158
27221	10036
223770	23774
97064	25937
64010	60485
21652	5252
227290	14
21872	7082
20877	9212
225028	8491
16362	3659
53885	4867
20166	6242
16364	3662
93960	85407
218103	10246
16691	3856
140477	127343
70020	83444
17188	4150
17189	4151
57257	10451
105193	378884
11652	208
227613	10383
52592	84312
11657	213
17187	4149
20674	6657
20675	6658
17764	4520
107449	219699
53310	1741
20679	55553
53317	5356
17164	9261
16522	3763
17161	4128
218333	23379
270086	55239
68135	8667
16969	51341
668101	10326
74022	84656
245880	10810
26417	5595
270151	79671
81004	79718
270152	120425
192662	396
227723	84726
105377	84250
14012	10205
20907	6804
18569	27250
11838	23237
11836	369
213233	55080
54204	1731
11835	367
14840	83445
54200	6820
20909	6810
26442	5686
83945	9093
83946	55023
246779	246778
252966	81928
14065	9002
329003	9658
14060	2165
271849	399694
83431	81565
83430	51561
14991	3135
18969	23649
18968	5422
14999	3109
12633	8837
76809	140707
231805	29992
12306	302
12301	27101
12300	10369
231803	56257
211914	8853
108911	55920
11909	1386
18413	5008
18412	8878
18985	5450
18984	5447
69697	57662
18983	29883
68794	2318
226251	3983
12904	1382
238057	151449
14208	5496
71978	5520
53424	7257
55942	29950
14200	2274
14201	2275
14205	2277
223255	8428
238276	9495
20054	6209
14191	2268
55943	9482
245867	55251
226180	9118
226182	6877
211007	90933
102193	55625
15959	3437
114584	1192
15483	3290
15482	3305
15481	3312
18186	8829
18181	4899
78757	253260
77305	80335
17089	55646
234683	79767
53761	7916
331026	29925
14686	2780
26992	29117
12261	708
14682	2776
17978	10499
14681	2775
17975	4691
17974	8440
230082	65083
14688	2782
17972	4689
18747	5566
18746	5315
18744	64219
68267	79751
18742	5309
18741	5308
18740	5307
15568	1994
83762	9381
268417	84838
83766	51412
12876	1363
12874	1362
14561	10220
12870	1356
13872	2071
268890	4045
13876	2078
13877	2079
14118	2200
360013	399687
72183	58533
15558	3356
225341	55679
14534	2648
106504	11329
67891	6124
17888	4624
229603	56957
18028	4781
17880	4629
17883	4621
72674	51094
66233	55929
17886	4627
22631	7534
79401	84654
22637	7535
72323	140459
232910	1175
56449	8531
378435	389692
77480	57498
104252	10435
224105	5062
109229	79607
19106	5610
13038	1513
12479	912
12478	930
208836	55215
50523	26524
266632	51135
217082	3131
11423	43
14406	2566
50524	6297
228731	644524
19328	201475
117198	10625
17700	2660
103806	9794
214572	54496
117197	55330
19325	10890
192120	54836
74682	57539
13653	1958
13654	1959
11489	8038
11487	102
22295	64072
11482	94
11481	93
15407	3211
56461	30818
56462	23787
56463	27044
26456	57715
20111	6195
69837	84759
56468	9655
56469	8554
26451	6157
20504	6568
19035	5479
19744	6009
51810	3192
98386	3930
16202	3611
19255	5771
19252	1843
19253	26469
19250	5784
56317	51434
56312	26471
24108	10537
56310	2874
19259	84867
12042	8915
16591	9365
16592	2171
16596	10661
80708	29763
56792	26228
55949	1933
114715	161742
11793	9474
11792	328
11797	329
11796	330
21886	7089
67219	54797
27214	10926
71728	114790
69232	54870
27218	6504
69234	146542
240427	26040
20849	6775
20848	6774
12022	56033
20843	10735
20842	10274
20841	7702
12023	8538
20847	6773
20846	6772
20844	8027
13401	1762
19126	8842
13405	1756
83815	55166
24105	10616
20591	8242
16688	3854
12317	811
244431	137868
70333	10849
69654	10540
98415	64710
20592	8284
13511	1829
56086	6418
58804	148170
56085	29979
11468	72
227606	387332
20602	9612
20605	6751
20606	6752
20609	6755
20608	6754
320150	23390
17151	23582
269682	2802
102502	5357
70160	51028
16978	9208
407785	4726
16973	4041
16970	4033
16971	4035
16976	4043
16974	4040
17082	9173
13388	28514
17087	23643
209357	2967
53945	30061
414084	79931
12266	718
227738	90678
19261	140885
20933	6837
20935	6838
14236	3344
11803	333
104836	79872
67088	23066
14836	145258
68014	55055
68015	10131
104010	64405
14051	2070
99167	117178
14057	94081
14056	2146
14055	2145
107589	4638
106052	26272
380714	9501
14231	51661
18970	5423
18971	5424
18972	5425
107587	116039
380718	54903
58800	54822
442801	22899
210274	22941
20595	6607
58805	51085
11938	488
70767	9129
67849	113130
654462	148930
11931	481
14693	2783
18996	5457
18997	5458
18994	5456
67089	5706
108079	5563
432508	11052
12912	1385
12913	10488
12916	1390
18999	5460
19058	5534
80859	64332
108679	10920
54353	8935
74120	10127
67870	58478
108073	2917
108672	158866
11622	196
71960	79784
108671	23234
20028	5132
69601	153090
13026	5130
57916	23495
80912	9698
353155	125111
20020	5430
216724	80230
20022	5439
67155	6595
83396	84662
83397	9590
18571	10015
14683	2778
13132	1601
83557	79727
13138	1605
415115	140825
76787	8541
20346	10371
18198	4593
242667	58512
80914	7371
18193	64324
68875	9911
72993	26060
14300	2483
108155	8473
381379	219541
74132	6049
230098	84904
12557	1015
208628	9735
20336	60412
17968	4685
17969	653361
66336	401541
66335	528
26987	9470
20339	6401
18750	5578
18751	5579
18752	5582
18753	5580
18754	5581
18755	5583
107503	22809
18759	5584
68276	114034
68272	55131
66687	64786
57913	55367
66932	57455
66682	126003
71093	84913
66939	79719
101994	283489
212733	146439
67427	6224
20184	51720
229700	64783
72198	23517
72199	64210
243842	29998
15018	3105
107029	4200
245666	23096
630146	9398
73826	84271
66508	55004
18640	5208
14544	9615
108098	9412
111173	23085
67887	51669
233545	56946
67151	5715
217232	996
242466	58499
217893	23241
15499	3297
73139	201161
72333	23022
13797	2018
22608	4904
13798	2019
78834	9831
22350	7430
22601	10413
20024	10923
66593	56616
93765	7334
268934	2914
66590	2193
66597	10206
268933	84219
93762	8467
319263	115294
319262	89848
238555	10385
51792	5518
51791	10636
224170	9666
50530	8076
12469	10694
381979	84446
30954	10572
12465	22948
30957	23162
17828	63915
12461	10576
12462	7203
19130	5629
66442	57405
66445	1537
170718	3420
15437	3234
68895	387496
13039	1515
26934	29127
23821	23621
78908	3321
192119	23405
11490	8751
11492	8728
71458	54880
56419	81624
227743	79109
338355	23307
225895	10629
233876	8479
22195	7332
22194	7324
107934	1951
213464	5929
22190	7316
19263	5787
233890	79724
233893	92595
19260	26191
19267	5791
19265	5790
107508	2058
214384	93649
16764	3899
56637	2932
56324	10254
11784	321
11785	322
69790	90390
11781	9179
13682	1974
16564	55605
233870	7284
80732	55892
16563	3796
16562	10749
18749	5567
230594	23318
12675	1147
12677	338917
69228	155061
64209	9709
12672	1132
19317	9444
65962	9351
65961	57050
81489	3337
19645	5925
16164	3597
19647	5930
19646	5928
27204	8224
16168	3600
65969	8029
56522	56903
21853	8914
21679	7004
12537	728642
21677	8463
105083	53918
20187	6259
56749	1723
21672	7001
74256	1540
11640	8165
13419	1773
11643	8852
11642	10566
11674	226
11676	230
11677	231
94280	81855
26569	10999
140491	5506
64143	5899
328572	2033
75786	9793
69641	91833
75788	57154
231600	55743
20612	6614
20613	6615
20616	9892
20617	6622
20614	6616
57342	55742
70572	3843
26563	4919
16414	3689
70584	10298
56431	11034
99375	8451
99377	57167
93837	117154
16419	3693
16418	3692
16949	4016
16948	4015
16785	3921
16784	3920
74320	55339
74326	10236
74325	1212
16782	3918
227700	56904
12097	632
20850	6776
20851	6777
20852	6778
20853	6780
14828	3309
14829	2925
232286	7110
66152	29796
20924	6829
14823	2918
20926	6830
20927	6833
14048	2138
14827	2923
20922	6827
70315	55869
24136	9839
170826	133522
21454	6950
21847	7071
270192	51560
20104	6194
83964	83700
20102	6192
78889	26118
56390	10534
106042	144165
11928	476
17966	4077
12321	813
20586	6597
12326	814
53331	8417
20585	6596
11920	472
11921	474
20588	6599
11923	58158
11924	63973
71890	10459
268749	55072
14957	3007
108069	2913
108068	2912
14225	2280
20528	6517
14228	2288
84505	9869
432516	4640
18211	4914
70408	10621
239652	121274
55934	6100
70790	51366
16666	3868
71950	79923
24001	26230
226432	55705
16664	3861
83672	94120
16665	3866
621893	317772
11816	348
216439	116986
18505	5077
18504	5076
18507	5079
18509	5081
83561	56165
67128	7326
12367	836
264064	1024
67186	6181
433700	26206
15159	3052
109934	29
76022	54856
114255	55715
14319	2495
68275	6117
103136	11137
14317	10841
14313	10468
209446	7030
70350	10409
70208	9439
27276	58473
17957	63908
16549	8570
16153	3586
76332	22796
235072	989
108888	55210
20970	9672
67526	9140
72354	7268
232791	4849
22156	7286
67459	4931
109689	408
66694	7386
67451	5318
66929	55723
207683	152404
67454	121457
18035	4792
18034	4791
18036	4793
18033	4790
109331	56254
18039	4747
14803	2894
93760	8289
66214	28984
73830	27335
108086	54476
751865	100316904
72685	9829
12167	658
225363	2107
110750	1434
15975	3454
67425	54869
19056	5532
28077	84246
225164	57534
15978	3458
50493	7296
78829	81628
266781	9784
232975	478
50496	1876
319520	1846
22349	7429
19714	5980
66075	54927
50498	10148
22342	64130
22343	55327
22340	7423
51788	3015
51789	10188
67857	5537
27056	3663
100683	8295
66854	23087
102774	585
51786	53981
13619	1911
12419	23468
12418	8535
12412	10951
107321	9404
26558	9454
12417	11335
15376	3170
72236	55815
212706	23138
72946	57470
66105	7323
50781	27122
50780	5998
66108	4704
71769	79738
50789	26224
50788	55336
243961	50944
77045	605
81500	64374
77040	55054
58222	326624
244891	49855
15460	55806
72542	192111
259300	30846
12525	925
19015	5467
19016	5468
12526	926
109115	8464
19013	5465
76804	23081
15208	388585
110521	3096
19707	85021
15467	27102
224014	121512
22185	11338
22761	161882
22762	23414
11826	358
19279	5801
19275	5798
19276	5799
16773	3908
16776	3911
14179	2253
227937	8502
22164	7292
22165	7294
26941	9368
22163	7293
22160	7291
16579	22920
16574	3800
12064	627
16573	3799
16571	24137
23969	29993
19664	3516
98766	10422
114774	5074
12661	10752
19652	5935
56249	93973
16170	3603
19651	5934
19305	5830
16175	3552
104360	64843
19309	5837
27273	5166
19659	5947
65970	51474
27274	117608
56531	56252
21848	8805
21849	10155
16890	3991
21844	7074
21846	7075
69072	10969
21841	7072
69077	5717
21843	7073
19878	9475
13426	1780
60504	50615
244418	157285
19877	6093
114606	79816
320713	114803
140486	10642
11443	1140
57265	2535
12799	1267
18074	22795
20562	6585
56332	51421
11444	1141
17318	4281
57756	9457
15423	3221
57750	55759
70099	10051
64424	64425
105787	5562
56041	8615
105782	23513
20624	9343
20620	10769
16950	84695
15505	10808
17428	4335
16402	3678
56044	5898
17131	4092
93840	57216
17133	23764
17132	4094
228714	57325
547253	54625
17425	221937
16409	3684
16796	3927
16797	27040
16790	290
56292	8260
80509	112950
16798	9113
20821	6737
80291	196383
20823	6741
387609	22882
192657	22936
192656	8767
75669	30849
58172	9792
20482	6498
20481	6497
19682	5959
20955	6845
170833	29911
100503670	6125
26939	55718
20133	6240
20135	6241
21339	9015
21687	7010
13205	1654
21685	7008
21682	7006
211651	2177
11910	467
13796	2016
208258	341405
211389	6821
53321	8506
13169	28988
53325	54971
12334	824
12330	821
12331	10487
12333	823
14961	3119
14960	3117
230793	27245
18208	9423
14787	114822
14786	2886
14784	2885
26875	27445
27878	117143
18813	5036
66164	51388
22352	7431
67903	10755
18091	1482
66352	8548
338367	4642
18817	5347
226154	84445
12009	22994
11855	394
18510	7849
80987	51517
18516	5090
14812	2904
11867	10095
14810	2902
381022	8085
18518	3476
68475	8636
71233	219670
93761	6594
320727	10526
68693	221092
67629	147841
51798	1891
239083	57820
76014	124245
208643	1981
207165	2186
14360	2534
14362	8321
77254	90522
14367	7855
14366	8322
242248	55024
76499	23122
20319	6423
22422	7477
57808	6165
83997	7871
67530	7381
68219	11051
83993	9095
18770	5313
330361	6936
171486	83692
56347	8663
226977	10120
66917	26973
67443	81631
66912	28969
243725	55607
13857	2057
237911	83990
18024	4780
209354	1967
18022	4778
15569	1993
18020	84901
18021	4775
12468	10574
15567	6532
14569	2665
26896	9282
26895	64708
26893	10980
26891	51138
225372	10307
666528	84215
17288	4225
230899	4878
12464	10575
238799	3842
72047	11325
17135	7975
229534	57326
78783	7862
216965	57551
12467	10693
110648	4009
216963	28964
232944	57787
217166	9572
232946	388552
22377	23559
22376	7454
232943	147700
11308	10006
67847	9627
67845	27246
67841	64422
19720	5987
11302	9625
11303	19
66867	10363
11306	22
11307	9619
15368	3162
80837	57381
12402	867
14813	2905
12400	865
12406	871
20280	6342
50791	9863
245049	25924
50793	23595
50794	51621
67991	138151
50796	1761
50797	9276
50799	10165
17874	4615
52857	57655
170736	29780
15976	3455
77053	23353
66713	10097
22320	8673
69807	22954
26405	10746
66480	6138
229906	2959
26406	4215
26408	4217
13681	1973
13680	55308
13685	1978
13684	1977
110213	7009
19060	5536
12534	983
107951	1025
12532	995
15213	23462
12531	994
56437	6236
56436	11047
214498	79577
218503	115548
52538	10449
381644	9662
12539	11140
74117	10096
65019	9349
12492	950
56187	5875
19201	9050
19200	9051
19205	5725
436522	5644
19206	5727
22153	10382
22152	10381
22151	7280
16548	3795
22409	80326
22408	7471
22154	203068
16543	29969
22158	7289
22401	64393
17289	10461
16498	8514
69241	5433
76900	170463
68082	142679
12653	1114
12652	1113
23970	11252
100090	3104
22083	9646
56508	11069
55984	84254
22088	7251
27261	79930
19724	5989
56505	8607
21838	7070
16324	3625
21830	51298
21833	7067
21834	7068
16328	11190
19684	5962
19687	5981
56297	84100
56484	2309
56294	5780
13430	1785
60532	9589
56299	63943
13433	1786
13435	1788
13436	1789
209239	8139
19650	5933
69940	55763
209232	149708
11695	60529
23989	9862
17300	2296
230721	8761
56613	8986
11459	58
17304	4240
57749	9271
57746	55124
56348	51144
22695	7538
69116	23352
19921	6143
21940	939
21943	8600
21942	3604
17760	4135
22697	7589
20913	252983
16432	9445
17128	4089
17129	4090
16434	3704
76448	170954
17120	8379
16438	3708
17126	4087
60409	51399
17125	4086
223658	727957
52036	55291
15530	3339
623279	220164
227099	5378
21933	8797
433759	3065
270058	55201
69188	55904
14020	7813
14026	51466
54485	54567
14025	53335
28019	51147
71718	9894
71059	124790
232087	4144
68047	84954
11472	88
68041	58526
68040	51042
71710	85444
13211	1660
208266	84444
269254	23064
106025	81858
269523	7415
71330	55213
12349	760
105203	54906
53867	50509
269424	79960
12340	829
12343	830
53868	57111
12345	832
210710	139716
14799	2890
80888	26353
64540	7106
232533	23012
14977	7922
22793	7791
20014	6185
18392	4998
14158	2241
20017	84172
14156	2237
20019	25885
14155	10116
21945	9191
14151	2235
24069	51684
226419	8444
28114	54888
54130	10121
24063	10252
23959	4907
24064	10253
24066	81848
14800	2891
20496	6558
20497	6559
14804	2895
20491	6503
14806	2898
14807	2899
14809	2901
77976	9891
218397	5921
68196	3281
18655	5230
18654	5228
67619	28987
19434	30062
66310	84661
29876	25932
29871	22955
67615	54926
216080	7321
17931	4659
208650	868
17933	23040
17932	4661
17937	4665
17936	4664
17938	4666
14370	8325
14376	23193
107932	1108
14375	2547
216150	997
77559	178
229004	26205
57810	50937
216156	57418
68999	10393
67296	122809
12044	597
19734	6004
18789	10914
353156	51162
18783	5321
67054	10606
18786	9373
67052	10403
76464	57082
19262	5786
72145	23001
171580	64780
67279	51003
67278	79447
66671	902
109594	4004
18012	4760
18011	9148
243819	22870
18016	4771
18015	4763
15510	3329
15512	3306
15516	3326
22771	7545
51885	27229
267019	6210
16765	3925
19280	5802
382053	23491
19268	5792
382056	23373
110651	6197
15425	3223
22722	55734
15427	3225
15426	3224
15353	10362
22779	22807
93739	11345
67771	10092
93737	84552
93736	27125
93734	255027
268903	8204
268902	6092
211329	135112
93730	54585
15194	3064
229055	65986
15191	3068
15199	50865
245841	5437
30951	57332
14897	9320
217578	11177
71041	84108
50764	201456
228607	57506
58998	25945
56748	27247
66477	84833
217026	63897
17181	4147
13367	1729
18844	5361
11783	317
72569	129880
26410	1326
26411	11184
26416	1432
380669	389421
26415	5603
216850	23135
26419	5599
233410	9640
15223	2302
12501	916
12500	915
12507	921
12592	1046
12504	920
56421	5214
106039	26088
19079	5564
56424	10273
56427	51174
22365	11311
53860	10801
22363	7441
17202	4160
110095	5836
66420	5434
56194	55660
16551	3832
22788	7784
215449	5908
56198	26508
22787	7783
22784	7781
19211	5728
19216	5731
16559	57576
69587	10336
22781	64375
12640	1081
23942	9219
22419	81029
22416	89780
22145	7277
22146	84790
104099	3680
12648	1105
110078	5834
22142	7846
22143	10376
109006	57019
104303	400
11519	119
11518	118
277360	57580
11517	117
11516	116
23789	57175
16149	972
228775	57761
27096	27095
227867	26122
16150	3551
16151	8517
12229	695
16154	3587
16156	3589
16157	3590
16882	3980
16331	3635
16336	3640
16337	3643
18187	8828
21823	7054
15404	3204
94093	51592
56771	9477
19696	5966
19697	5970
26961	6132
56289	11186
17207	23263
66865	23203
19698	5971
19699	5649
231464	246175
109711	87
77733	81790
16160	3593
19769	6016
12847	1314
11429	50
56353	23429
13508	1826
16162	3595
104418	8525
219103	55835
240087	9656
215280	7456
21956	7139
21954	7137
52504	79172
17113	4074
17444	9402
69125	9337
21951	8658
17449	4190
71834	23099
65964	51776
17119	4084
17685	4436
17684	10370
16428	3702
17681	9242
72615	124401
71521	23244
56527	22983
13206	54514
16423	961
233863	2975
13593	253738
60597	23542
13590	10637
18458	26986
231214	57545
209318	2873
74355	23347
73192	11260
69726	64754
20807	6722
11739	291
233726	10527
75062	10946
19127	5626
320207	23533
68295	25980
14013	2122
14011	2120
68058	9557
20018	51082
17060	29760
52615	23512
269378	191
223701	57591
246177	64005
26362	558
269536	54881
110637	2900
227331	26058
12359	847
50914	116448
53872	4076
12355	9970
70601	11319
71924	51175
54611	5139
217410	28951
108989	7175
70456	25874
12616	1059
21425	7942
217218	56970
11991	3184
216233	8835
78303	3017
81630	9278
77832	84260
16332	3636
24074	6879
24075	6881
18538	5111
226413	3938
68188	8189
20972	9145
20971	6385
11848	387
232430	1389
13170	1628
18824	5355
28088	51493
11842	377
20979	6857
13176	1630
18646	5551
18645	5217
54721	7297
18643	5216
54723	24144
18641	5211
15161	3054
29864	26994
15163	3059
15165	348980
18648	5223
17920	4646
17921	4647
17927	4654
71854	64180
71853	10130
20378	2487
107767	9522
18797	5331
66043	513
18792	5328
18793	5329
20371	50943
20375	6688
14802	2893
20377	6422
116871	57504
13006	9126
13001	1460
18221	10726
18222	8650
13002	80331
18451	5033
67045	55781
67040	10521
67041	5019
229584	23126
20345	6404
433766	84676
76108	5911
217365	55666
245469	57595
66641	80143
72155	55839
30046	23036
66645	55269
72151	5985
54123	3665
54120	54810
54127	6234
22230	7353
54124	1163
15502	3301
18005	4751
18205	4908
18007	4756
18000	4735
15507	3315
14582	8328
20204	51450
20200	6277
268373	5478
66245	23640
100019	23195
67605	84335
226352	57669
109904	4168
18521	5094
67602	25977
67603	1848
104831	25930
66615	23192
15982	3475
74157	23070
111241	3159
109620	1832
216987	55813
15436	3233
15434	3232
15432	3238
15433	3239
15430	3236
12427	8900
12428	890
27061	10134
27062	8618
15438	3235
606496	2931
15184	10014
15185	10013
15182	3066
15183	8841
11477	90
16172	23765
170758	5881
59069	7170
57230	29115
11475	59
76299	23071
229211	28976
69642	90523
110862	3786
66622	55148
22229	7352
66734	84557
22221	7342
22222	197131
228980	6874
26429	5001
26428	5000
26427	90993
15170	5777
26423	2516
217588	51562
50873	5071
26420	5601
105855	3071
15239	9146
54342	64841
19046	5500
19045	5499
105859	27254
107971	10817
19041	5493
19899	6141
72486	79596
22319	9341
103213	10758
73174	9755
73173	54510
338467	23515
16520	3761
16201	3609
107995	991
16526	3776
19258	5775
69597	10939
50915	2888
224997	9229
23950	10049
12632	1073
12448	9134
23957	8431
22421	7476
22420	7475
244373	11160
329252	59352
98758	3185
23797	10000
23795	10551
23792	8745
232987	80776
69260	3622
104318	1453
69263	5983
11502	8754
71840	150483
12051	602
65105	51329
16177	3554
276952	91608
107305	55048
69288	9886
16183	3558
74568	197259
55944	8664
16180	3556
22041	7018
12189	672
22042	7037
16189	3565
94245	84062
218038	273
55948	2810
216154	10025
57764	59277
57765	30009
15211	3073
12748	1196
12512	967
12745	1047
12741	7122
12740	1364
230979	8764
20304	6352
19225	5743
19224	5742
140580	9844
75901	55802
52331	8987
11431	52
19229	2185
93871	54014
56017	29988
17105	4069
110355	156
21787	10342
76484	85442
21969	7150
21968	10043
93834	57161
17096	4067
13346	1674
56380	10620
13345	117581
16451	3716
16450	3714
171543	90427
16452	3717
93836	54778
16985	4046
16456	50848
56321	26574
320051	23086
321006	9730
233878	26470
13589	22919
12290	777
74168	84287
52551	6449
21817	7052
17215	4172
17216	4171
17217	4173
21813	7048
21812	7046
11720	4143
81845	7918
19132	5630
17219	4175
20817	6733
22371	7450
102162	27097
74322	30827
84092	9101
70625	9441
106298	54700
70620	7336
99480	30836
83602	2957
52609	23492
20787	6720
20788	6721
17075	4072
21367	6900
11434	49
16855	3960
12366	835
15270	3014
12362	834
16852	3956
12369	840
12368	839
12165	2658
102920	2491
12166	657
14567	2664
212712	23314
67500	55749
12169	660
12168	659
54609	29978
380785	57596
231470	80144
54601	4303
384061	252995
14917	2984
24045	10067
20568	6590
15902	3398
11981	10079
11987	6541
11984	527
12487	940
237107	54552
269610	26038
21762	5708
66679	8480
268741	9878
381924	3681
30051	25803
20962	50511
20963	6850
20964	6853
20965	6854
13162	6531
13163	1616
11852	388
18810	5339
11854	29984
12488	23607
13164	57055
11857	397
18673	5245
327826	10818
18676	5253
18674	5250
14359	8087
29857	6300
29856	6525
66905	10226
71869	89777
11538	23394
76507	26
231386	91746
17916	4542
17913	4641
17912	4430
17910	51168
233490	58487
15519	3320
107753	3957
211770	10221
14571	2820
20362	23176
27401	6502
14563	8200
27407	10061
13016	1487
13017	1488
223881	27289
18010	4758
13010	1471
226744	163882
59003	10296
67071	27330
67070	26065
233064	284403
101206	10474
13018	10664
20537	6523
30853	8079
71711	80198
216190	55198
243833	7554
22589	546
72162	170506
18014	4762
234594	23019
23807	10425
12986	1441
12983	1439
11722	279
497652	65057
18073	4811
18072	4808
224727	7917
54131	3661
12988	1445
234865	55746
17869	4609
18018	4772
28036	51574
67384	9530
106766	55620
56248	50808
234267	2823
14751	2821
20218	10657
67671	6169
68558	57763
268566	10243
218756	9497
21761	10933
226830	56950
76709	10109
319565	23224
15402	3202
18107	4836
18106	51744
14824	2896
15405	3205
18102	4830
15408	10481
18109	4613
192285	51317
224619	84231
26754	10987
80886	26168
64214	64407
59079	55914
217331	85451
66656	1936
71860	146845
319189	440689
233489	8301
72900	4729
319186	8341
110876	6326
22193	10477
76281	30851
24131	11155
23897	10456
98053	2962
66725	120892
55985	10563
19184	5705
14585	2674
330662	1793
19246	5770
319162	92815
67923	6921
73692	65250
107975	55690
319168	85235
12569	8851
12568	1020
18213	4916
16876	56956
229521	23208
12561	1002
170828	51442
19052	5515
15242	3087
15245	64399
19055	5530
12567	1019
12566	1017
19700	28954
213109	23469
106583	22828
50907	10113
57783	10318
239528	27161
17344	9063
16533	3779
16531	3778
16536	3785
22431	7490
98878	30844
56174	55577
54607	9306
74194	390
74197	2960
77407	11021
27279	51330
22129	7267
73181	4776
22123	5709
74754	1718
16171	3605
110052	7913
22763	51663
228889	55661
76938	84991
26424	2494
76936	4670
69920	5438
76932	23647
72135	26108
65113	80762
65114	55737
103537	54799
17246	4193
216148	25759
74287	56888
55989	51602
208076	63876
21750	7014
56716	64223
56717	2475
17928	4656
16194	3570
17698	4478
22051	7205
12190	675
50884	10787
12192	677
16197	3575
73230	168667
94275	9500
16193	3569
66647	56160
26422	26960
69632	23365
230904	26232
114642	676
16190	3566
230908	23435
114641	6160
15422	3229
12751	1200
56378	10094
67507	143379
56371	51343
19988	6128
22059	7157
56376	10611
20587	6598
16994	4050
13869	2066
12325	818
94187	23090
94186	29966
21974	7155
230872	9696
17859	4601
17463	5713
69635	1612
21973	7153
74370	57521
56392	8036
236511	26523
75710	10137
16440	3710
72584	8450
56399	10270
244585	23322
12328	819
217116	64847
12759	1191
67871	92399
17261	4209
69702	51103
16176	3553
56632	56848
81879	29842
12757	1211
193740	3304
105675	10105
235036	56342
57441	51053
57440	30845
16169	3601
246710	23221
54451	51692
18511	5083
14389	9846
320267	8939
107568	11059
17220	4176
11636	203
81896	55764
20779	6714
19063	5538
22099	7247
21372	6907
17000	4055
21376	84897
81898	23451
21374	6908
12370	841
16847	3953
16842	51176
56379	3758
70297	9648
15429	3231
353258	84946
22344	7716
12177	665
235559	11073
78830	8604
12173	646
14229	2289
70054	220388
13483	1804
13482	1803
53817	7919
53814	51686
56274	6788
237178	5475
18481	5063
14103	356
14102	355
242711	10136
14104	2194
14107	2195
14106	8928
14109	2197
108960	3656
24052	6444
24053	6445
17711	4519
71137	5992
20512	6507
56372	10944
194590	9185
329416	115677
20689	27164
194352	56302
19989	6129
15193	84717
21771	84916
20681	30812
20683	6667
20682	6662
233107	79047
20687	6670
13395	1749
13394	1748
13390	1745
13392	1746
55927	55502
94181	54187
18515	5089
54709	8668
83796	6603
83797	6602
20353	54910
14618	2705
20423	6469
26926	9131
26927	668
17904	4637
58249	9158
76260	123016
20191	6262
20878	6790
233071	115703
107746	2889
218693	10605
12638	1080
20198	6275
54636	11152
14924	9223
70472	29028
54631	4868
68094	6601
68095	54940
269774	22848
102058	149371
30841	84678
15525	3308
15526	3313
231506	132660
67245	57162
67246	55196
67710	5436
71709	85360
12991	1447
17876	50804
71492	55212
69028	129531
17872	23645
228357	4038
54140	552
15248	3090
14728	11006
406220	374454
67397	10961
330953	10021
271457	5868
28006	253725
101488143	3043
14725	4036
319594	55662
28000	27339
68549	151246
16367	3667
226519	3915
66282	55319
78593	56675
12282	10525
20278	6340
66537	51371
73750	25861
54194	26993
85305	3735
230126	6461
224661	116369
18477	5052
16443	6453
15414	3216
15415	3217
15416	3218
54189	9135
107351	23189
15412	3214
50754	55294
59041	10494
108143	6880
59047	11284
228361	55626
14432	2596
12288	775
170770	27113
18503	5075
12289	776
60406	8819
217344	79651
18476	5050
217342	63893
66626	29965
11810	339
67393	51523
72179	25827
55994	4093
23882	10912
227753	2934
23880	2533
18087	4820
170790	23209
170791	9584
103963	6184
11539	134
217011	54475
319177	255626
13809	2028
13808	2027
18508	5080
13805	2022
93679	81603
13800	55740
67938	10627
69847	65266
15258	28996
110596	64283
26413	5594
12572	1022
15251	3091
12576	1027
15257	204851
12575	1026
50913	10215
217127	11143
217124	84687
22337	7421
22334	7417
22333	7416
22330	7414
23802	267
22115	23617
19087	5576
13866	2064
19085	5575
16508	3751
20342	8991
16506	3750
19089	5589
19088	5577
19731	23179
16449	182
74769	5291
230753	9967
26356	3621
12617	1060
78943	2081
12611	1054
71729	6002
15205	3280
18685	10745
18046	4802
52846	55571
13712	2002
56543	3752
13714	2005
101214	29896
68964	80169
21803	7040
65255	51666
65254	56896
65257	51130
65256	51676
19883	6095
72057	55274
105844	29775
19885	6097
22062	7161
22067	7224
22066	7223
245527	60401
386649	55968
19076	5558
22068	7225
67144	55631
12298	785
73247	55257
12506	962
192195	55870
192196	51631
22596	7520
22594	7515
11418	40
56258	3188
19075	5557
12767	7852
14257	2324
12764	55907
27359	94121
23806	25820
116870	9112
22591	7508
27354	4683
16477	3726
21908	3195
16475	84962
68077	29997
12824	1280
140781	4625
93897	11211
22772	7546
21907	7101
16478	3727
12503	919
171531	79083
102866	5358
223696	56993
51869	55183
12974	1431
20671	64321
231086	3032
74147	1962
13560	1877
64099	64098
52440	8887
22367	7443
71954	64426
56722	9516
63953	11221
20115	6201
209586	23386
11702	262
20168	10313
15463	3267
20174	10856
21343	6878
21341	9013
21340	9014
57320	11315
21349	6886
53314	10538
66795	83734
80749	57622
22245	83549
60595	81
16872	89884
16871	8022
16870	9355
12389	857
12388	1500
105243	6550
12385	1495
12387	1499
60599	94241
94043	83941
12143	640
13498	1822
17165	8550
30930	9559
100494	90637
12145	643
64383	22933
235542	5523
13496	1820
56307	10988
13495	1819
19353	5879
71648	10133
18479	5058
14114	2192
14115	2199
78688	8996
328778	25837
18472	5048
226101	26509
17702	4488
17701	4487
53623	2892
53624	1366
53627	64840
17709	4513
70294	55658
232440	55766
13144	1613
20692	6678
68151	79971
71242	202051
71241	63946
13386	8788
13384	4356
13385	1742
13383	1739
13380	22943
19213	256297
71819	9493
54473	54472
110279	613
20980	127833
16846	3952
71805	9688
12371	842
18611	8682
112407	112399
110308	3852
54711	5326
104394	1874
20340	2734
20437	6477
17688	2956
22780	22806
20430	23191
14609	2697
20349	9723
240641	9585
11891	5873
14600	2690
26914	9555
20186	9971
14119	2201
21814	7049
20185	9611
20183	6258
11837	6175
20181	6256
67019	64431
208869	1795
226747	25909
68240	6119
14282	2354
14281	2353
54624	54623
70465	79084
14936	2997
83490	118788
384783	8660
13030	1508
75624	23173
18053	4804
68975	9442
30877	26354
19285	284119
13171	1629
15081	3021
22144	112714
12978	1436
18293	4967
22417	54361
13489	1813
22415	7473
20238	6310
20239	6311
12295	782
28010	60672
17311	4254
235041	25959
243743	91584
100037258	5611
26403	4296
22410	7480
83679	9659
260409	10602
21873	9414
434341	84166
118449	171024
57246	57057
56515	51444
66830	112939
66525	92609
229317	83939
66521	51389
15468	3275
15399	3199
27632	7936
18127	4846
18126	4843
18125	4842
18124	8013
243963	25888
18129	4853
18128	4851
15465	3269
15396	3207
15395	3206
15394	3198
50721	51548
72293	85409
110854	5524
257632	64127
170761	79849
59057	7572
170767	5994
59053	51236
226255	26033
13661	26298
257630	112744
76130	81887
217337	6730
13486	1810
170787	83933
217069	7706
26919	23567
66743	55182
67381	29079
228136	25921
26404	7786
15267	8337
12545	8317
18483	5064
231712	10906
15260	7290
319148	653604
14105	10772
192157	30837
12549	57514
213498	9826
56739	9985
13819	2034
213121	148741
16159	3592
72567	9774
26407	4216
22329	7412
69716	9319
50927	4678
22321	7407
22323	7408
22324	7409
22325	7410
73442	259217
16518	3759
225207	25925
19099	9479
208922	22849
19094	5600
19727	8625
56480	29110
19725	5990
19090	5591
19091	5592
16516	3772
16517	3773
12608	1051
11553	152
23988	5300
11555	154
11554	153
72432	11005
23983	5093
110826	2109
12607	10153
13709	1997
67382	8019
76952	22978
54214	2803
66213	9443
103889	3212
218914	23063
213541	51441
102216272	102157402
213019	64236
22218	7341
103554	23198
24055	6452
65247	51665
94212	55824
16600	9314
94217	53353
108089	9781
75826	59343
59024	9968
235497	123169
20510	6505
103733	7283
101489	60626
11947	506
14064	2151
11844	381
27367	6122
13637	1943
23856	11083
104457	124944
23853	50619
27360	120
14235	2305
104458	5917
68845	55011
13639	1945
69890	51222
140579	63916
52432	55844
140577	22881
97165	3148
140571	5365
140570	23654
16468	3720
320790	55636
21917	7112
18815	5340
20352	10509
19943	6158
56809	10691
50931	9466
17393	4316
56805	10009
17395	4318
56697	11216
13559	1875
74106	55827
74155	54206
18803	5335
13557	1871
74105	23062
13555	1869
19894	22895
11778	10239
19896	4736
100226	23673
19891	6118
56736	9604
11771	160
209590	149233
11773	1173
11772	161
11774	8546
11776	8943
21350	6887
242705	1870
17025	210
21353	10010
21354	6890
320080	9880
21802	7039
21357	6895
270106	6137
230103	4882
104709	146850
18795	23236
75605	10765
75985	27314
208154	151888
12305	780
53380	5716
53381	10549
16869	3975
12399	864
12396	9139
19070	25843
12394	861
12393	860
12391	859
22346	7428
11607	185
18796	5330
11601	285
268697	891
11603	375790
11906	463
20583	6591
320405	93664
12153	649
320632	23020
20533	6521
14998	3108
14126	2206
14121	2203
20538	6530
18417	5010
27984	79180
63955	91768
107435	8520
56215	22985
71602	4643
71371	84159
19242	5764
238317	91748
66997	5718
54519	54518
27050	6188
14811	2903
68142	54617
21752	7015
12308	794
116848	11176
15273	3097
70675	80124
320538	254048
217371	10966
15275	3098
26905	1968
269397	26039
14388	2549
15894	3383
232493	2998
26903	8291
15898	7087
14381	2539
67738	5481
18607	5170
18604	5164
63958	10277
20402	64397
20401	23616
20400	4068
100088	1104
20405	6455
13822	2037
14633	2736
14632	2735
20408	6457
18596	5159
14635	2584
14634	2737
233011	80271
67003	7385
78455	9931
107723	9990
76630	57559
13048	23316
78294	6233
16772	284217
66999	80306
18260	100506658
13043	2017
66998	5711
54383	1912
218035	27072
226548	51107
18044	4800
70598	27145
15378	3172
18048	354
18049	4803
229542	57459
16658	9935
67224	55588
67225	55599
14254	2321
54367	284695
14251	10211
14701	55970
12977	1435
18823	5354
108013	56853
106759	148022
272347	57541
68564	57532
30794	8572
65973	444
73341	9459
50753	26269
29820	55504
68365	51552
269003	79595
67139	79003
30839	54461
14619	2706
67134	10528
238130	9732
76707	23332
268534	54221
11870	417
245688	5931
15387	3190
58240	64342
66513	10454
15375	3169
20422	7979
118454	57165
14615	10052
21388	6910
14113	2091
228550	3706
15473	10247
73699	5519
12416	84733
108689	79991
18132	4855
59029	10213
72935	51428
59021	5862
59020	5174
208884	51114
56349	10276
108124	8775
59026	10075
242570	55225
67731	114907
17448	4191
66354	22938
77945	57096
66603	8487
207615	22884
268448	57649
17986	4693
234366	54815
98238	55379
66172	400569
16777	3912
21386	6926
12550	999
106021	10210
76899	2800
12805	1272
66993	6604
12555	1013
15277	3099
76893	29956
11877	421
13821	2036
140859	284086
76895	23299
67848	57696
18595	5156
27425	10632
60411	64105
27756	57819
230654	10489
72948	11076
75770	9024
110749	8208
73739	25776
16341	3646
50932	50488
50933	7347
224796	53405
28200	10901
19820	51132
